Dual 1 Data:
-6.884496245531004e-05
-0.0073850842080294965
-8.414134860882587e-05
-0.0
-0.0006326323865564039
-0.0
-0.0

Dual 2 Data:
-0.0
-0.0018203201288105085
-0.0
-0.0
-0.0006528161757106961
-0.0
-0.00035906641397126754
-0.00017978523651378053
-0.0
-0.0
-0.0

Dual 3 Data:
-0.0
-0.019088117268021763
-0.0
-0.0
-0.0020012788850182306
-0.0
-0.00016325923737740833
-6.0904229578702916e-05
-0.0
-0.00011511536280078819
-0.0
-0.00794564899079531
-0.0
-0.0
-0.07933169137079797
-0.0
-0.0
-0.0
-0.0
-0.0
-0.0
-0.0
