Dual 1 Data:
-1.2907137355646534
-3.689760295960107
-0.0
-0.10541574761663929
-0.0
-0.025299779427993427

Dual 2 Data:
-1.093212174938623
-3.6740772002292372
-0.0
-0.13444705306241983
-0.0
-0.01896344280796014
-0.0
-0.0
-1.3891310953390024e-05
-0.026883298435664473

Dual 3 Data:
-16.167491470913582
-4.609877114682128
-0.0
-0.9140252391544227
-0.0
-0.0
-0.0
-0.0
-0.08818654747538313
-0.49157219107828604
-1.6225747158502493
-0.0
-0.0
-48.88068429483809
-0.0
-0.0
-0.0
-0.0
-0.0
-202.15590442958765
-0.0
